function mpcac = case85sub_ac1
%CASE85  Power flow data for 85 bus distribution system
%    Please see CASEFORMAT for details on the case file format.
%
%    Data from ...
%       D. Das, D.P. Kothari, A. Kalam, Simple and efficient method for
%       load flow solution of radial distribution networks, International
%       Journal of Electrical Power & Energy Systems, Volume 17, Issue 5,
%       1995, Pages 335-346.
%       https://doi.org/10.1016/0142-0615(95)00050-0

%% MATPOWER Case Format : Version 2
mpcac.version = '2';

%% system MVA base
mpcac.baseMVA = 10;

%% bus data
% bus_i  type  Pd  Qd  Gs  Bs  area  Vm  Va  baseKV  zone  Vmax  Vmin
mpcac.bus = [
 33  1  0.0140  0.0143  0.0000  0.0000  1  1  0  11.0  1  1.1  0.9
 34  1  0.0000  0.0000  0.0000  0.0000  1  1  0  11.0  1  1.1  0.9
 35  1  0.0000  0.0000  0.0000  0.0000  1  1  0  11.0  1  1.1  0.9
 36  1  0.0353  0.0360  0.0000  0.0000  1  1  0  11.0  1  1.1  0.9
 44  1  0.0353  0.0360  0.0000  0.0000  1  1  0  11.0  1  1.1  0.9
 45  1  0.0353  0.0360  0.0000  0.0000  1  1  0  11.0  1  1.1  0.9
 46  1  0.0353  0.0360  0.0000  0.0000  1  1  0  11.0  1  1.1  0.9
 47  1  0.0140  0.0143  0.0000  0.0000  1  1  0  11.0  1  1.1  0.9
 48  1  0.0000  0.0000  0.0000  0.0000  1  1  0  11.0  1  1.1  0.9
 49  1  0.0000  0.0000  0.0000  0.0000  1  1  0  11.0  1  1.1  0.9
 50  1  0.0363  0.0370  0.0000  0.0000  1  1  0  11.0  1  1.1  0.9
 51  1  0.0560  0.0571  0.0000  0.0000  1  1  0  11.0  1  1.1  0.9
 52  1  0.0000  0.0000  0.0000  0.0000  1  1  0  11.0  1  1.1  0.9
 53  1  0.0353  0.0360  0.0000  0.0000  1  1  0  11.0  1  1.1  0.9
 54  1  0.0560  0.0571  0.0000  0.0000  1  1  0  11.0  1  1.1  0.9
 55  1  0.0560  0.0571  0.0000  0.0000  1  1  0  11.0  1  1.1  0.9
 56  1  0.0140  0.0143  0.0000  0.0000  1  1  0  11.0  1  1.1  0.9
 86  1  0.0000  0.0000  0.0000  0.0000  1  1  0  11.0  1  1.1  0.9 % 49 bus R1-R
 87  1  0.0000  0.0000  0.0000  0.0000  1  1  0  11.0  1  1.1  0.9 % 56 bus R1-R
 88  1  0.0000  0.0000  0.0000  0.0000  1  1  0  11.0  1  1.1  0.9 % 50 bus R1-R
 89  1  0.0000  0.0000  0.0000  0.0000  1  1  0  11.0  1  1.1  0.9 % 51 bus R1-R
 90  1  0.0000  0.0000  0.0000  0.0000  1  1  0  11.0  1  1.1  0.9 % 52 bus R1-L
 91  1  0.0000  0.0000  0.0000  0.0000  1  1  0  11.0  1  1.1  0.9 % 53 bus R1-L
 92  1  0.0000  0.0000  0.0000  0.0000  1  1  0  11.0  1  1.1  0.9 % 54 bus R1-L
 93  1  0.0000  0.0000  0.0000  0.0000  1  1  0  11.0  1  1.1  0.9 % 55 bus R1-L
 104 1  0.0000  0.0000  0.0010  0.0000  1  1  0  11.0  1  1.3  0.9 % DC bus D
 105 1  0.0000  0.0000  0.0010  0.0000  1  1  0  11.0  1  1.3  0.9 % DC bus d
 106 1  -0.500  0.0000  0.0000  0.0000  1  1  0  11.0  1  1.3  0.9 % DC bus 1 wind
 107 1  -0.500  0.0000  0.0000  0.0000  1  1  0  11.0  1  1.3  0.9 % DC bus 2 wind
 108 1  -0.400  0.0000  0.0000  0.0000  1  1  0  11.0  1  1.3  0.9 % DC bus 3 pv
 109 1  -0.400  0.0000  0.0000  0.0000  1  1  0  11.0  1  1.3  0.9 % DC bus 4 pv
 116 1  0.100  0.0000  0.0000  0.0000  1  1  0  11.0  1  1.3  0.9 % DC bus 5 load
 117 1  0.100  0.0000  0.0000  0.0000  1  1  0  11.0  1  1.3  0.9 % DC bus 6 load
 118 1  0.100  0.0000  0.0000  0.0000  1  1  0  11.0  1  1.3  0.9 % DC bus 7 load
 119 1  0.100  0.0000  0.0000  0.0000  1  1  0  11.0  1  1.3  0.9 % DC bus 8 load
 111 1  0.0000  0.0000  0.0010  0.0000  1  1  0  11.0  1  1.3  0.9 % DC2 bus d
];

% Energe Router 1

% 49 bus,  56 bus, 50 bus, 51 bus
% 52 bus,  53 bus, 54 bus, 55 bus 

% Energe Router 2

% 67 bus,  68 bus, 69 bus, 70 bus, 71 bus
% 72 bus,  73 bus, 74 bus, 75 bus, 76 bus

% Microgrid 

% 

%% generator data
% bus  Pg  Qg  Qmax  Qmin Vg  mBase  status  Pmax  Pmin  Pc1  Pc2  Qc1min  Qc1max  Qc2min  Qc2max  ramp_agc  ramp_10  ramp_30  ramp_q  apf
mpcac.gen = [
47 0.0000  0.0000    20    -20  1.0000  100  1     20    0 0  0  0  0  0  0  0  0  0  0  0
86 0.0000  0.0000    20    -20  1.0000  100  1     0     0 0  0  0  0  0  0  0  0  0  0  0
87 0.0000  0.0000    20    -20  1.0000  100  1     0     0 0  0  0  0  0  0  0  0  0  0  0
88 0.0000  0.0000    20    -20  1.0000  100  1     0     0 0  0  0  0  0  0  0  0  0  0  0
89 0.0000  0.0000    20    -20  1.0000  100  1     0     0 0  0  0  0  0  0  0  0  0  0  0
90 0.0000  0.0000    20    -20  1.0000  100  1     0     0 0  0  0  0  0  0  0  0  0  0  0
91 0.0000  0.0000    20    -20  1.0000  100  1     0     0 0  0  0  0  0  0  0  0  0  0  0
92 0.0000  0.0000    20    -20  1.0000  100  1     0     0 0  0  0  0  0  0  0  0  0  0  0
93 0.0000  0.0000    20    -20  1.0000  100  1     0     0 0  0  0  0  0  0  0  0  0  0  0
];

%% generator cost data
%	1	startup	shutdown	n	x1	y1	...	xn	yn
%	2	startup	shutdown	n	c(n-1)	...	c0
mpcac.gencost = [
 2	0	0	3	0.2	    2	2; % bus 47
 2	0	0	3	0.00	0	0; % bus 86
 2	0	0	3	0.00	0	0; % bus 87
 2	0	0	3	0.00	0	0; % bus 88
 2	0	0	3	0.00	0	0; % bus 89
 2	0	0	3	0.00	0	0; % bus 90
 2	0	0	3	0.00	0	0; % bus 91
 2	0	0	3	0.00	0	0; % bus 92
 2	0	0	3	0.00	0	0; % bus 93
];

%% branch data
% fbus  tbus  r  x  b  rateA  rateB  rateC  ratio  angle  status  angmin  angmax
